 Elevation_meters: min:2279.1622129157204 max:2978.3254499182885 ran:699.1632370025682

              Fitness:0.6993933265925177
              Height: 1
