 Elevation_meters: min:2248.8249959073746 max:2611.14432690593 ran:362.31933099855536

              Fitness:0.7872598584428716
              Height: 1
